  Weird walking
  
  
  x: 0.281578947368
  y: 0.0
  z: 0.0
angular: 
  x: 0.0
  y: 0.0
  z: 0.284615384615
---