pose:
  position:
    x: 0.7454
    y: 0.69553220272
    z: 0
  orientation:
    x: 0.0
    y: 0.0
    z: -0.00252379767892
    w: 0.999996815218